.Random.seed <-
c(403L, 250L, 1450262252L, -1959284295L, 428635879L, 121956741L, 
434186704L, 514733308L, -622170698L, 626600895L, 1617847545L, 
1200880092L, -740826856L, -1830993899L, 714291866L, -1919147448L, 
-1631398902L, 971755494L, 1672239432L, -2133845045L, -1912594731L, 
-313321471L, -1077176264L, -495186019L, 411211150L, 893072742L, 
-1407069781L, -743470882L, 59342945L, -393705111L, -1064663536L, 
1818117407L, -141695802L, -1727542250L, 617597191L, -621455039L, 
857161389L, 1129225618L, 416674778L, -678336739L, 80816552L, 
471887620L, -518281987L, 466128375L, -788885319L, -1627474533L, 
-1064644954L, 704634133L, 207091866L, -774323786L, -2025627545L, 
1750042234L, 767348020L, 524431580L, -611043275L, 55493998L, 
30888252L, -215058478L, -187588572L, 479383370L, 1555604500L, 
-789499474L, 1811045825L, 1301756312L, -1619400437L, 1241172108L, 
1551083900L, -1583870834L, 1684088161L, -600949504L, 36987388L, 
-629426551L, 120992941L, 1847567444L, 601599590L, -15401117L, 
1469787308L, -1924462832L, 1392828418L, -289875949L, -324705511L, 
1715828940L, -323903716L, 57726704L, 2074396778L, 1256304047L, 
-2042190644L, -907195893L, 454401231L, -78277219L, 2006737436L, 
590426902L, -406571190L, -1495358138L, 2097883757L, -414848351L, 
-1655555437L, -788096431L, 1126634075L, -1815524866L, 447372667L, 
26502356L, 228915323L, 297709453L, 170466610L, 158282867L, 71502026L, 
-333689010L, -1305959506L, -212471981L, -1034503360L, -715962658L, 
1828863874L, 2143566834L, 321921462L, 1620157621L, -1295387960L, 
637094883L, 1772518286L, -1767779294L, 342657668L, -1001104788L, 
-931704965L, 283085409L, -19051177L, -1232860315L, 396221789L, 
-767819818L, -512596766L, -66654269L, 1889307532L, -1189270447L, 
-684426401L, 531434899L, 1255679135L, -1885961353L, -1955265714L, 
508677048L, 1218854803L, 2112245907L, 731531384L, -415578770L, 
-201830964L, -1345737278L, 1967028247L, -1143966867L, -856118177L, 
-710219847L, -684523981L, -922104596L, -1616137774L, 1324494578L, 
1120765965L, 925353629L, -1920167206L, -489953194L, -1930062481L, 
1544520737L, 80988455L, -1669837017L, -700680046L, -239455268L, 
1015553715L, -193107744L, -104110699L, 661815461L, 1867944057L, 
-1206087369L, 1646514342L, -176114700L, 187025443L, -1854191893L, 
1306515300L, -733318246L, -630092987L, -1981892897L, -1416328614L, 
1296896768L, 286626494L, 841263494L, -1382278351L, 1417713560L, 
-1521421644L, -414068594L, 569607762L, 248631222L, 190228872L, 
956595202L, -24062810L, 452956748L, 1810204812L, 1334244910L, 
-750657446L, -1457917410L, 1360251180L, -1276047318L, 1251688119L, 
-391737547L, 841470229L, 319197364L, 952712016L, 311235998L, 
2111562009L, 628132198L, -350953152L, -1736698506L, 786476330L, 
1703330357L, -1461140422L, -345115493L, -1932418490L, 1261346042L, 
-1105124090L, 1727872620L, 1178508110L, 1226230907L, -1493565093L, 
279870650L, -800121085L, 577019748L, -467351915L, 150862520L, 
1658931699L, -563380237L, 804055005L, -2066133513L, 1582298999L, 
555981277L, -26351237L, 1417048360L, 1723863990L, 1526270071L, 
-536623716L, 1421888708L, -1034074956L, 506328178L, -696870660L, 
458893990L, -448625880L, -939066773L, -1282224724L, 1669420279L, 
-700593093L, -1011885609L, 2059900283L, 1760306203L, 1806744536L, 
1137008515L, 759375721L, -422551249L, 2021323790L, 1745878881L, 
-449276285L, -2094347444L, 1489039412L, -1349649157L, 730223421L, 
623526078L, -1632793534L, -215639331L, 453247320L, -1344323010L, 
804334096L, 1540758438L, 1731943333L, -2061794500L, -2071604517L, 
-1079045013L, -1044686167L, 768225413L, 582433112L, 263887654L, 
-1362375406L, 1123170559L, -1428604170L, -820782801L, 890927530L, 
-1114680220L, -1916572091L, 1900308534L, -1036501541L, -2046846824L, 
1117166276L, 140473171L, 1155075894L, 1839827202L, 1113601841L, 
1542433516L, 39614368L, -231942803L, 1139312471L, -950763517L, 
1096700284L, 1930346936L, -1137922376L, 1503485964L, 542519851L, 
-1578575242L, 690667975L, -155329610L, 1094435567L, -996580436L, 
2112215646L, -1907079391L, 1412520852L, 2107189825L, -1852826955L, 
-1180546512L, 370404048L, 622573967L, 470583572L, 942232209L, 
-674178623L, -944080871L, 231344844L, 1680287215L, -2000378480L, 
-913745794L, -2126141434L, -263735524L, -1042388094L, -1796763605L, 
564243211L, -389273954L, 1229805184L, -555800225L, 2064179615L, 
1551704913L, -402487070L, 1871856826L, -241322658L, -1589063070L, 
420733224L, -1928577460L, -1132288563L, -1983227102L, -459917429L, 
-500424601L, -893087107L, -976386543L, -132897464L, -91215674L, 
1421914642L, -1237287492L, -995034581L, 1536647017L, 1733364483L, 
-1675519705L, 1633643410L, 1358285249L, 1370200808L, -423447388L, 
1746476032L, 1982521266L, 1233714107L, 217140072L, 262738838L, 
786570385L, -444530204L, 680279019L, -1555849705L, 318080900L, 
-1852576788L, 604522767L, -40590414L, -346839606L, 1609899610L, 
-2135658595L, -1820058474L, -326484322L, 886481323L, -387866758L, 
1041251839L, -528448116L, -445246356L, 303067716L, 1478491676L, 
-2022288622L, 861513868L, 1331036546L, -917522918L, -1439497498L, 
1691792965L, 2069169622L, 1215975954L, -1980796579L, -1678565272L, 
1399224764L, 2045229186L, 1651327247L, 736916621L, 1485530188L, 
-1905812626L, -1445056566L, 1921696135L, 1573912434L, -602184269L, 
418348107L, -1643951235L, 18772004L, -518118514L, -1764710624L, 
-1968393183L, 1081822619L, 166388093L, -1902214536L, 958424875L, 
-323551309L, 1726964274L, -2107223200L, -2116559887L, 1774018762L, 
-1008162413L, -410684262L, -215269792L, 1588572064L, -755476479L, 
-1981337473L, 854719503L, -971564493L, -1104598485L, 1773580202L, 
-326104595L, 355014780L, 197566404L, -1691584892L, -1677240163L, 
650072119L, -232645261L, -2072773384L, -290625217L, 1237648329L, 
180433353L, 1232756707L, 821168008L, -337032745L, -993347705L, 
329217389L, 1645030132L, 453504989L, -1159007522L, -1657090287L, 
-703765592L, 1704155440L, 573713534L, -101882556L, 2060381238L, 
-428432785L, 1738123429L, 1489687172L, -1764960734L, -183384604L, 
64591109L, -1065055573L, 1894912390L, 706831858L, -478911899L, 
-1293018478L, 1748139048L, 1748683930L, 1380874558L, -924051526L, 
-1791903965L, -1217461357L, 1539214187L, 257626869L, 1097691464L, 
-1715026366L, -1300546050L, -1720370485L, -406363064L, -2069226656L, 
450292943L, 346533307L, 1220681484L, -697611994L, -843970653L, 
1257596558L, 1684249752L, -1583194037L, 401153452L, -833836482L, 
-1459295161L, -598875425L, 56764968L, 449619902L, -870162007L, 
1706408699L, 1816795573L, 1825306642L, -1899683527L, 986073332L, 
-1334692463L, 1944216613L, -1010369129L, 1770196722L, 659916853L, 
-774414135L, -1134902003L, -528570188L, 916784597L, -1674122876L, 
2034470306L, -1607435162L, -2120441485L, 907170452L, 1431170061L, 
-805830543L, 840127005L, 1722184685L, -2457508L, -2067650326L, 
-2069316288L, -113478778L, 1372368513L, 529472782L, -672530305L, 
-1183607434L, 1208029884L, -1514472405L, -841905803L, -1262568032L, 
382361558L, -1242532095L, -1010464529L, -1785447212L, 524725772L, 
765537896L, -891202425L, -2144201470L, -1075384638L, 504068514L, 
-1338208399L, -1205027486L, 890546241L, 640351830L, 433731109L, 
1827113990L, -268128979L, 576695032L, 1465439041L, -515001049L, 
210586732L, -225196605L, -1184512099L, 1254487246L, 1097311380L, 
-2038769195L, 639267999L, -265175599L, 545344745L, -699887597L, 
-1546206560L, 994615969L, -1519584714L, 1938145112L, 337060287L, 
-1521460022L, -1594876563L, 152137453L, 1276749538L, -1901927090L, 
-450233605L, 594859602L, 2026719443L, 1955795290L, -298834156L, 
541342769L, -877945573L, 1517788113L, 81626185L, 1112563130L, 
-1847666150L, -2069576955L, -130067301L, -1797696874L, 1077796056L, 
1720965995L, 1413683211L, -896421592L, 219118601L, 319480550L, 
-528171854L, -1732811453L, 144636604L, -582008629L, -331383659L, 
192970237L, -188040673L, -410690937L, -766323617L, 1824426326L, 
-270178804L, 294680581L, 723835232L, -40380983L, 2132159441L, 
